Needed Primes:
---------------


long long smallPrimes[40] =
{ 727, 733, 739, 743, 751, 757, 761, 769
, 773, 787, 797, 809, 811, 821, 823, 827
, 829, 839, 853, 857, 859, 863, 877, 881
, 883, 887, 907, 911, 919, 929, 937, 941
, 947, 953, 967, 971, 977, 983, 991, 997};

long long largePrimes[40] =
{ 10000609, 10000643, 10000651, 10000657, 10000667, 10000687, 10000691, 10000721
, 10000723, 10000733, 10000741, 10000747, 10000759, 10000763, 10000769, 10000789
, 10000799, 10000813, 10000819, 10000831, 10000849, 10000867, 10000871, 10000873
, 10000877, 10000891, 10000931, 10000943, 10000961, 10000967, 10000987, 10000993
, 10001009, 10001053, 10001081, 10001093, 10001107, 10001119, 10001203, 10001207};

****** The First 1000 primes:

2, 3, 5, 7, 11, 13, 17, 19
, 23, 29, 31, 37, 41, 43, 47, 53
, 59, 61, 67, 71, 73, 79, 83, 89 
, 97,101,103,107,109,113,127,131 
, 137, 139, 149, 151, 157, 163, 167, 173
, 179, 181, 191, 193, 197, 199, 211, 223 
, 227, 229, 233, 239, 241, 251, 257, 263 
, 269, 271, 277, 281, 283, 293, 307, 311 
, 313, 317, 331, 337, 347, 349, 353, 359 
, 367, 373, 379, 383, 389, 397, 401, 409 
, 419, 421, 431, 433, 439, 443, 449, 457 
, 461, 463, 467, 479, 487, 491, 499, 503 
, 509, 521, 523, 541, 547, 557, 563, 569 
, 571, 577, 587, 593, 599, 601, 607, 613 
, 617, 619, 631, 641, 643, 647, 653, 659 
, 661, 673, 677, 683, 691, 701, 709, 719 
, 727, 733, 739, 743, 751, 757, 761, 769 
, 773, 787, 797, 809, 811, 821, 823, 827 
, 829, 839, 853, 857, 859, 863, 877, 881 
, 883, 887, 907, 911, 919, 929, 937, 941 
, 947, 953, 967, 971, 977, 983, 991, 997, 1009
	  

*** Near 10^6:

, 989999, 990001, 990013, 990023, 990037, 990043, 990053, 990137 
, 990151, 990163, 990169, 990179, 990181, 990211, 990239, 990259 
, 990277, 990281, 990287, 990289, 990293, 990307, 990313, 990323 
, 990329, 990331, 990349, 990359, 990361, 990371, 990377, 990383 
, 990389, 990397, 990463, 990469, 990487, 990497, 990503, 990511 
, 990523, 990529, 990547, 990559, 990589, 990593, 990599, 990631 
, 990637, 990643, 990673, 990707, 990719, 990733, 990761, 990767 
, 990797, 990799, 990809, 990841, 990851, 990881, 990887, 990889 
, 990893, 990917, 990923, 990953, 990961, 990967, 990973, 990989, 991009

, 1000003, 1000033, 1000037, 1000039, 1000081, 1000099 
, 1000117, 1000121, 1000133, 1000151, 1000159, 1000171, 1000183, 1000187 
, 1000193, 1000199, 1000211, 1000213, 1000231, 1000249, 1000253, 1000273 
, 1000289, 1000291, 1000303, 1000313, 1000333, 1000357, 1000367, 1000381 
, 1000393, 1000397, 1000403, 1000409, 1000423, 1000427, 1000429, 1000453 
, 1000457, 1000507, 1000537, 1000541, 1000547, 1000577, 1000579, 1000589 
, 1000609, 1000619, 1000621, 1000639, 1000651, 1000667, 1000669, 1000679 
, 1000691, 1000697, 1000721, 1000723, 1000763, 1000777, 1000793, 1000829 
, 1000847, 1000849, 1000859, 1000861, 1000889, 1000907, 1000919, 1000921 
, 1000931, 1000969, 1000973, 1000981, 1000999, 1001003, 1001017, 1001023
   
   
   
*** Near 10^9:
   
, 9999053, 9999071, 9999083, 9999161, 9999163, 9999167, 9999193, 9999217 
, 9999221, 9999233, 9999271, 9999277, 9999289, 9999299, 9999317, 9999337 
, 9999347, 9999397, 9999401, 9999419, 9999433, 9999463, 9999469, 9999481 
, 9999511, 9999533, 9999593, 9999601, 9999637, 9999653, 9999659, 9999667 
, 9999677, 9999713, 9999739, 9999749, 9999761, 9999823, 9999863, 9999877 
, 9999883, 9999889, 9999901, 9999907, 9999929, 9999931, 9999937, 9999943 
, 9999971, 9999973, 9999991  10000019  10000079  10000103  10000121  10000139 
, 10000141, 10000169, 10000189, 10000223, 10000229, 10000247, 10000253, 10000261 
, 10000271, 10000303, 10000339, 10000349, 10000357, 10000363, 10000379, 10000439 
, 10000451, 10000453, 10000457, 10000481, 10000511, 10000537, 10000583, 10000591 
, 10000609, 10000643, 10000651, 10000657, 10000667, 10000687, 10000691, 10000721 
, 10000723, 10000733, 10000741, 10000747, 10000759, 10000763, 10000769, 10000789 
, 10000799, 10000813, 10000819, 10000831, 10000849, 10000867, 10000871, 10000873 
, 10000877, 10000891, 10000931, 10000943, 10000961, 10000967, 10000987, 10000993 
, 10001009, 10001053, 10001081, 10001093, 10001107, 10001119, 10001203, 10001207
